ZONE T="boundary0"
-5.89844 -0.5 
-1.99219 -0.5 
-1.79688 -0.5 
2.5 -0.5 
-4.14062 -0.5 
-7.26562 -0.5 
-7.07031 -0.5 
-8.63281 -0.5 
-2.38281 -0.5 
-8.04688 -0.5 
-7.85156 -0.5 
-5.50781 -0.5 
-8.4375 -0.5 
-7.65625 -0.5 
-0.625 -0.5 
-1.01562 -0.5 
-9.41406 -0.5 
-9.21875 -0.5 
-6.875 -0.5 
-6.48438 -0.5 
-6.28906 -0.5 
-1.21094 -0.5 
-3.94531 -0.5 
-3.75 -0.5 
-2.96875 -0.5 
-3.16406 -0.5 
-3.55469 -0.5 
-3.35938 -0.5 
-4.92188 -0.5 
-4.72656 -0.5 
-4.53125 -0.5 
-1.60156 -0.5 
-1.40625 -0.5 
-2.57812 -0.5 
-0.429688 -0.5 
-0.234375 -0.5 
-0.136719 -0.5 
-0.332031 -0.5 
-0.0390625 -0.5 
0.15625 -0.5 
0.351562 -0.5 
0.546875 -0.5 
0.9375 -0.5 
0.742188 -0.5 
-9.60938 -0.5 
-9.80469 -0.5 
-5.70312 -0.5 
-5.3125 -0.5 
-7.46094 -0.5 
-9.02344 -0.5 
-8.82812 -0.5 
-8.24219 -0.5 
-2.77344 -0.5 
-5.11719 -0.5 
-10 -0.5 
-6.09375 -0.5 
-6.67969 -0.5 
-2.1875 -0.5 
1.32812 -0.5 
1.71875 -0.5 
1.52344 -0.5 
2.10938 -0.5 
1.91406 -0.5 
2.30469 -0.5 
2.78125 -0.5 
3.0625 -0.5 
3.625 -0.5 
3.34375 -0.5 
4.1875 -0.5 
3.90625 -0.5 
4.46875 -0.5 
4.75 -0.5 
5.03125 -0.5 
5.3125 -0.5 
5.59375 -0.5 
5.875 -0.5 
6.4375 -0.5 
6.15625 -0.5 
6.71875 -0.5 
7 -0.5 
8 -0.5 
8.25 -0.5 
8.5 -0.5 
9 -0.5 
8.75 -0.5 
9.25 -0.5 
9.5 -0.5 
9.75 -0.5 
10 -0.5 
10.25 -0.5 
11 -0.5 
10.75 -0.5 
10.5 -0.5 
11.5 -0.5 
11.25 -0.5 
11.75 -0.5 
12 -0.5 
12.25 -0.5 
13 -0.5 
12.5 -0.5 
13.25 -0.5 
7.5 -0.5 
7.25 -0.5 
7.75 -0.5 
12.75 -0.5 
13.5 -0.5 
13.75 -0.5 
14 -0.5 
14.5 -0.5 
14.25 -0.5 
14.75 -0.5 
15 -0.5 
-1.89453 -0.5 
-7.16797 -0.5 
-7.94922 -0.5 
-8.53516 -0.5 
-7.75391 -0.5 
-0.820312 -0.5 
-9.31641 -0.5 
-6.38672 -0.5 
-1.11328 -0.5 
-6.97266 -0.5 
-3.84766 -0.5 
-3.06641 -0.5 
-3.45703 -0.5 
-4.62891 -0.5 
-1.50391 -0.5 
-2.48047 -0.5 
-0.527344 -0.5 
-0.185547 -0.5 
-0.380859 -0.5 
-0.0878906 -0.5 
0.0585938 -0.5 
-0.283203 -0.5 
0.449219 -0.5 
0.253906 -0.5 
0.839844 -0.5 
-9.70703 -0.5 
-4.04297 -0.5 
-7.36328 -0.5 
-8.92578 -0.5 
-3.65234 -0.5 
-8.14453 -0.5 
-2.67578 -0.5 
-4.82422 -0.5 
-1.30859 -0.5 
-1.69922 -0.5 
-9.90234 -0.5 
-4.33594 -0.5 
-5.99609 -0.5 
-5.60547 -0.5 
-7.55859 -0.5 
-6.58203 -0.5 
-8.73047 -0.5 
-2.87109 -0.5 
-5.21484 -0.5 
-5.80078 -0.5 
-5.41016 -0.5 
-3.26172 -0.5 
-2.28516 -0.5 
-2.08984 -0.5 
-9.51172 -0.5 
-6.19141 -0.5 
-6.77734 -0.5 
-9.12109 -0.5 
-5.01953 -0.5 
-8.33984 -0.5 
1.62109 -0.5 
0.644531 -0.5 
1.13281 -0.5 
1.42578 -0.5 
2.01172 -0.5 
2.40234 -0.5 
1.81641 -0.5 
2.20703 -0.5 
2.92188 -0.5 
2.64062 -0.5 
3.48438 -0.5 
3.20312 -0.5 
4.04688 -0.5 
3.76562 -0.5 
4.32812 -0.5 
4.89062 -0.5 
4.60938 -0.5 
5.17188 -0.5 
5.73438 -0.5 
5.45312 -0.5 
6.29688 -0.5 
6.57812 -0.5 
6.85938 -0.5 
8.125 -0.5 
8.875 -0.5 
9.375 -0.5 
9.125 -0.5 
9.875 -0.5 
9.625 -0.5 
10.625 -0.5 
10.875 -0.5 
11.375 -0.5 
11.875 -0.5 
11.125 -0.5 
11.625 -0.5 
12.375 -0.5 
12.125 -0.5 
13.125 -0.5 
6.01562 -0.5 
7.375 -0.5 
7.125 -0.5 
7.625 -0.5 
7.875 -0.5 
8.625 -0.5 
8.375 -0.5 
10.375 -0.5 
12.875 -0.5 
12.625 -0.5 
13.375 -0.5 
10.125 -0.5 
13.875 -0.5 
13.625 -0.5 
14.375 -0.5 
14.125 -0.5 
14.875 -0.5 
14.625 -0.5 
ZONE T="boundary1"
15 -0.25 
15 -0.5 
15 0 
15 0.25 
15 0.5 
15 -0.375 
15 -0.125 
15 0.375 
15 0.125 
ZONE T="boundary2"
-9.80469 0.5 
-9.60938 0.5 
-1.79688 0.5 
-0.820312 0.5 
-0.625 0.5 
-6.09375 0.5 
-6.875 0.5 
-6.67969 0.5 
-8.24219 0.5 
-8.4375 0.5 
-3.16406 0.5 
-3.35938 0.5 
-7.07031 0.5 
-7.26562 0.5 
-5.3125 0.5 
-5.11719 0.5 
-8.04688 0.5 
-7.46094 0.5 
-7.65625 0.5 
-5.89844 0.5 
-4.72656 0.5 
-4.53125 0.5 
-3.75 0.5 
-3.55469 0.5 
-9.02344 0.5 
-9.21875 0.5 
-1.99219 0.5 
-2.1875 0.5 
-8.82812 0.5 
-4.33594 0.5 
-3.94531 0.5 
-2.57812 0.5 
-1.01562 0.5 
-2.77344 0.5 
-2.96875 0.5 
0.15625 0.5 
-0.234375 0.5 
-0.0390625 0.5 
-0.429688 0.5 
-0.136719 0.5 
0.351562 0.5 
-1.21094 0.5 
0.546875 0.5 
0.9375 0.5 
-6.48438 0.5 
-4.92188 0.5 
-8.63281 0.5 
-7.85156 0.5 
-4.14062 0.5 
-1.40625 0.5 
-9.41406 0.5 
-10 0.5 
-6.28906 0.5 
-5.70312 0.5 
-1.60156 0.5 
-5.50781 0.5 
-2.38281 0.5 
1.13281 0.5 
1.32812 0.5 
8.94531 0.5 
8.75 0.5 
5.625 0.5 
5.82031 0.5 
3.86719 0.5 
2.89062 0.5 
2.69531 0.5 
2.5 0.5 
2.10938 0.5 
1.71875 0.5 
1.91406 0.5 
3.08594 0.5 
3.28125 0.5 
3.67188 0.5 
4.0625 0.5 
4.25781 0.5 
4.84375 0.5 
4.45312 0.5 
5.03906 0.5 
5.23438 0.5 
5.42969 0.5 
6.40625 0.5 
6.60156 0.5 
6.01562 0.5 
6.21094 0.5 
6.79688 0.5 
7.96875 0.5 
6.99219 0.5 
8.35938 0.5 
8.55469 0.5 
7.1875 0.5 
7.38281 0.5 
7.57812 0.5 
7.77344 0.5 
8.16406 0.5 
10.3125 0.5 
9.14062 0.5 
9.33594 0.5 
9.53125 0.5 
9.92188 0.5 
10.1172 0.5 
9.72656 0.5 
10.5078 0.5 
10.7031 0.5 
10.8984 0.5 
12.2656 0.5 
11.0938 0.5 
11.2891 0.5 
11.875 0.5 
11.4844 0.5 
11.6797 0.5 
12.6562 0.5 
12.0703 0.5 
13.0469 0.5 
12.4609 0.5 
12.8516 0.5 
13.2422 0.5 
14.2188 0.5 
13.4375 0.5 
14.4141 0.5 
13.8281 0.5 
14.6094 0.5 
15 0.5 
14.8047 0.5 
-0.722656 0.5 
-6.77734 0.5 
-8.33984 0.5 
-3.26172 0.5 
-7.16797 0.5 
-5.21484 0.5 
-7.55859 0.5 
-5.99609 0.5 
-4.62891 0.5 
-3.65234 0.5 
-9.12109 0.5 
-2.08984 0.5 
-2.87109 0.5 
-0.332031 0.5 
-0.185547 0.5 
0.0585938 0.5 
-0.0878906 0.5 
-0.917969 0.5 
0.253906 0.5 
-0.527344 0.5 
0.449219 0.5 
0.742188 0.5 
-6.58203 0.5 
-5.01953 0.5 
-8.53516 0.5 
-7.94922 0.5 
-9.51172 0.5 
-9.90234 0.5 
-6.38672 0.5 
-3.45703 0.5 
-4.82422 0.5 
-6.97266 0.5 
-5.80078 0.5 
-8.73047 0.5 
-3.84766 0.5 
-1.50391 0.5 
-1.30859 0.5 
-1.69922 0.5 
-1.11328 0.5 
-9.31641 0.5 
-9.70703 0.5 
-4.04297 0.5 
-3.06641 0.5 
-7.75391 0.5 
-5.60547 0.5 
-4.23828 0.5 
-6.19141 0.5 
-4.43359 0.5 
-1.89453 0.5 
-2.28516 0.5 
-2.48047 0.5 
-5.41016 0.5 
-7.36328 0.5 
-8.14453 0.5 
-8.92578 0.5 
-2.67578 0.5 
1.03516 0.5 
1.23047 0.5 
8.84766 0.5 
5.72266 0.5 
2.79297 0.5 
2.59766 0.5 
1.81641 0.5 
2.30469 0.5 
2.01172 0.5 
1.52344 0.5 
2.98828 0.5 
3.18359 0.5 
3.76953 0.5 
3.47656 0.5 
4.16016 0.5 
4.64844 0.5 
3.96484 0.5 
4.35547 0.5 
4.94141 0.5 
5.13672 0.5 
5.33203 0.5 
5.52734 0.5 
6.50391 0.5 
5.91797 0.5 
6.11328 0.5 
6.30859 0.5 
6.69922 0.5 
6.89453 0.5 
8.45703 0.5 
7.08984 0.5 
7.28516 0.5 
7.67578 0.5 
7.48047 0.5 
7.87109 0.5 
8.06641 0.5 
8.26172 0.5 
8.65234 0.5 
9.23828 0.5 
9.04297 0.5 
9.43359 0.5 
10.0195 0.5 
9.62891 0.5 
9.82422 0.5 
10.2148 0.5 
10.4102 0.5 
10.6055 0.5 
10.8008 0.5 
10.9961 0.5 
11.1914 0.5 
11.3867 0.5 
11.582 0.5 
11.7773 0.5 
11.9727 0.5 
12.5586 0.5 
12.168 0.5 
12.3633 0.5 
12.7539 0.5 
12.9492 0.5 
13.1445 0.5 
13.3398 0.5 
14.3164 0.5 
14.5117 0.5 
14.0234 0.5 
13.6328 0.5 
14.9023 0.5 
14.707 0.5 
ZONE T="boundary3"
-10 0.25 
-10 0.5 
-10 0.375 
ZONE T="boundary4"
-10 -0.25 
-10 0 
-10 0.25 
-10 -0.125 
-10 0.125 
ZONE T="boundary5"
-10 -0.25 
-10 -0.5 
-10 -0.375 
ZONE T="boundary6"
-10 -0.25 
-9.75 -0.25 
-5.82031 -0.25 
-6 -0.25 
-0.248691 -0.249997 
-0.229081 -0.249123 
-0.230385 -0.249229 
-0.247382 -0.249986 
-0.242147 -0.249877 
-0.246073 -0.249969 
-0.240839 -0.249832 
-0.238223 -0.249722 
-0.239531 -0.249781 
-0.235609 -0.249585 
-0.226473 -0.24889 
-0.25 -0.25 
-0.232996 -0.249421 
-0.23169 -0.249329 
-0.234302 -0.249507 
-0.236916 -0.249657 
-0.22517 -0.248764 
-0.223868 -0.24863 
-0.222566 -0.24849 
-0.219966 -0.248189 
-0.217368 -0.247861 
-0.218667 -0.248029 
-0.221266 -0.248343 
-0.216071 -0.247687 
-0.214775 -0.247506 
-0.210891 -0.246922 
-0.208308 -0.246499 
-0.209599 -0.246714 
-0.212185 -0.247123 
-0.204441 -0.245814 
-0.207018 -0.246277 
-0.213479 -0.247318 
-0.200586 -0.245068 
-0.199303 -0.244806 
-0.196742 -0.244261 
-0.205729 -0.246049 
-0.195464 -0.243979 
-0.203155 -0.245572 
-0.190367 -0.242784 
-0.191639 -0.243092 
-0.189096 -0.242468 
-0.198022 -0.244537 
-0.192912 -0.243395 
-0.20187 -0.245323 
-0.184032 -0.241139 
-0.18277 -0.240791 
-1.86719 -0.25 
-0.18151 -0.240435 
-0.177742 -0.23933 
-0.17649 -0.238948 
-0.185295 -0.241481 
-0.186561 -0.241817 
-0.187828 -0.242146 
-0.178996 -0.239705 
-0.180252 -0.240073 
-0.17524 -0.23856 
-0.194187 -0.24369 
-0.173992 -0.238165 
-0.172746 -0.237764 
-0.169021 -0.236521 
-0.167783 -0.236094 
-0.166548 -0.23566 
-0.165316 -0.23522 
-0.171502 -0.237356 
-0.00418627 -0.0455589 
-0.00442819 -0.0468453 
-0.162857 -0.23432 
-0.161631 -0.233861 
-0.160408 -0.233395 
-0.17026 -0.236942 
-0.159187 -0.232923 
-0.157969 -0.232444 
-0.156753 -0.231959 
-0.15554 -0.231468 
-0.154329 -0.23097 
-0.153121 -0.230466 
-0.164085 -0.234774 
-0.151916 -0.229955 
-0.149513 -0.228916 
-0.148316 -0.228386 
-0.147121 -0.227851 
-0.14593 -0.227309 
-0.144741 -0.226761 
-0.143555 -0.226207 
-0.142372 -0.225646 
-0.140015 -0.224507 
-0.141192 -0.22508 
-0.13767 -0.223343 
-0.138841 -0.223928 
-0.136502 -0.222752 
-0.135338 -0.222154 
-0.134176 -0.221551 
-0.131862 -0.220326 
-0.129562 -0.219077 
-0.128416 -0.218443 
-0.127274 -0.217803 
-0.133018 -0.220941 
-0.121615 -0.214516 
-0.12274 -0.215186 
-0.107322 -0.205287 
-0.126135 -0.217158 
-0.123868 -0.215849 
-0.119375 -0.21316 
-0.118261 -0.212473 
-0.11715 -0.21178 
-0.11384 -0.209668 
-0.11494 -0.210378 
-0.120493 -0.213841 
-0.116043 -0.211082 
-0.112744 -0.208952 
-0.111652 -0.20823 
-0.110564 -0.207503 
-0.125 -0.216506 
-0.13071 -0.219704 
-0.108398 -0.206032 
-0.10518 -0.203782 
-0.106249 -0.204537 
-0.104115 -0.203021 
-0.103054 -0.202254 
-0.0998949 -0.199921 
-0.087638 -0.190101 
-0.101997 -0.201482 
-0.100944 -0.200704 
-0.0988502 -0.199132 
-0.0978096 -0.198338 
-0.0967732 -0.197539 
-0.095741 -0.196734 
-0.0916548 -0.19346 
-0.090644 -0.192628 
-0.0926699 -0.194286 
-0.0896376 -0.191791 
-0.0936893 -0.195108 
-0.0947131 -0.195923 
-0.0856562 -0.188391 
-0.0866448 -0.189249 
-0.084672 -0.187528 
-0.0827173 -0.185786 
-0.0836924 -0.18666 
-0.0695599 -0.173036 
-0.0817469 -0.184908 
-0.0886356 -0.190949 
-0.080781 -0.184024 
-0.0798198 -0.183136 
-0.0788632 -0.182242 
-0.0760218 -0.179532 
-0.0769642 -0.18044 
-0.0410482 0.137256 
-0.0417697 0.138348 
-0.0750842 -0.178618 
-0.0732233 -0.176777 
-0.0741513 -0.1777 
-0.0779114 -0.181344 
-0.0723001 -0.175849 
-0.191639 0.243092 
-0.165316 0.23522 
-0.186561 0.241817 
-0.185295 0.241481 
-0.192912 0.243395 
-0.184032 0.241139 
-0.194187 0.24369 
-0.178996 0.239705 
-0.177742 0.23933 
-0.189096 0.242468 
-0.190367 0.242784 
-0.180252 0.240073 
-0.20187 0.245323 
-0.203155 0.245572 
-0.204441 0.245814 
-0.196742 0.244261 
-0.198022 0.244537 
-0.199303 0.244806 
-0.195464 0.243979 
-0.200586 0.245068 
-0.187828 0.242146 
-0.205729 0.246049 
-0.159187 0.232923 
-0.160408 0.233395 
-0.164085 0.234774 
-0.161631 0.233861 
-0.162857 0.23432 
-0.169021 0.236521 
-0.166548 0.23566 
-0.153121 0.230466 
-0.154329 0.23097 
-0.157969 0.232444 
-0.15554 0.231468 
-0.17026 0.236942 
-0.18277 0.240791 
-0.18151 0.240435 
-0.171502 0.237356 
-0.172746 0.237764 
-0.17649 0.238948 
-0.167783 0.236094 
-0.156753 0.231959 
-4.5625 -0.25 
-0.234302 0.249507 
-0.230385 0.249229 
-0.23169 0.249329 
-0.239531 0.249781 
-0.240839 0.249832 
-0.236916 0.249657 
-0.238223 0.249722 
-0.223868 0.24863 
-0.232996 0.249421 
-0.235609 0.249585 
-0.248691 0.249997 
-0.247382 0.249986 
-0.226473 0.24889 
-0.22517 0.248764 
-0.242147 0.249877 
-0.243456 0.249914 
-9.5 0.25 
-9.75 0.25 
-7.75 -0.25 
-10 0.25 
-0.210891 0.246922 
-0.212185 0.247123 
-0.244764 0.249945 
-0.246073 0.249969 
-0.213479 0.247318 
-0.208308 0.246499 
-0.217368 0.247861 
-0.209599 0.246714 
-0.218667 0.248029 
-0.227776 0.24901 
-0.229081 0.249123 
-0.221266 0.248343 
-0.222566 0.24849 
-0.214775 0.247506 
-0.216071 0.247687 
-0.219966 0.248189 
-0.0947131 0.195923 
-0.0936893 0.195108 
-0.0998949 0.199921 
-0.0967732 0.197539 
-0.095741 0.196734 
-0.103054 0.202254 
-0.101997 0.201482 
-0.0896376 0.191791 
-0.0886356 0.190949 
-0.0978096 0.198338 
-0.0988502 0.199132 
-0.100944 0.200704 
-0.104115 0.203021 
-0.0926699 0.194286 
-0.111652 0.20823 
-0.110564 0.207503 
-0.109479 0.20677 
-0.106249 0.204537 
-0.10518 0.203782 
-0.112744 0.208952 
-0.11384 0.209668 
-0.108398 0.206032 
-0.11494 0.210378 
-0.0760218 0.179532 
-0.0750842 0.178618 
-0.0817469 0.184908 
-0.080781 0.184024 
-0.0836924 0.18666 
-0.0827173 0.185786 
-0.0769642 0.18044 
-0.0798198 0.183136 
-0.0713818 0.174916 
-0.0704684 0.173978 
-0.0741513 0.1777 
-0.090644 0.192628 
-0.0916548 0.19346 
-0.087638 0.190101 
-0.0866448 0.189249 
-0.0788632 0.182242 
-0.0779114 0.181344 
-0.0856562 0.188391 
-0.084672 0.187528 
-0.138841 0.223928 
-0.140015 0.224507 
-0.116043 0.211082 
-0.13767 0.223343 
-0.136502 0.222752 
-0.144741 0.226761 
-0.147121 0.227851 
-0.14593 0.227309 
-0.131862 0.220326 
-0.13071 0.219704 
-0.143555 0.226207 
-0.142372 0.225646 
-0.148316 0.228386 
-0.135338 0.222154 
-0.151916 0.229955 
-0.150713 0.229439 
-0.141192 0.22508 
-0.149513 0.228916 
-0.121615 0.214516 
-0.123868 0.215849 
-0.125 0.216506 
-0.12274 0.215186 
-0.11715 0.21178 
-0.118261 0.212473 
-0.107322 0.205287 
-0.133018 0.220941 
-0.126135 0.217158 
-0.129562 0.219077 
-0.128416 0.218443 
-0.119375 0.21316 
-0.120493 0.213841 
-0.134176 0.221551 
-0.0713818 -0.174916 
-1.86719 0.25 
-1.6875 0.25 
-0.0686564 -0.172089 
-0.0677578 -0.171137 
-0.0668643 -0.17018 
-0.0659757 -0.169219 
-0.0650922 -0.168253 
-0.0532662 -0.154259 
-0.0704684 -0.173978 
-0.0642138 -0.167283 
-0.0633405 -0.166308 
-0.0607512 -0.163355 
-0.0598985 -0.162362 
-0.059051 -0.161364 
-0.0582087 -0.160362 
-0.0624722 -0.165328 
-0.0616092 -0.164344 
-0.0565399 -0.158345 
-0.0548924 -0.156311 
-0.0540766 -0.155287 
-0.0573717 -0.159356 
-0.0524612 -0.153227 
-0.0485179 -0.148003 
-0.0492956 -0.149056 
-0.0516617 -0.15219 
-0.0508675 -0.15115 
-0.0500788 -0.150105 
-0.0477458 -0.146946 
-0.0469791 -0.145885 
-0.0462181 -0.14482 
-0.0447127 -0.142678 
-0.0454626 -0.143751 
-0.0439685 -0.141602 
-0.0424969 -0.139436 
-0.0432299 -0.140521 
-0.0557135 -0.15733 
-0.0396223 -0.13506 
-0.038918 -0.133957 
-0.0382195 -0.13285 
-0.0375268 -0.131739 
-0.0417697 -0.138348 
-0.0354838 -0.128385 
-0.0348145 -0.12726 
-0.03684 -0.130625 
-0.0361589 -0.129507 
-0.0341511 -0.126132 
-0.0334936 -0.125 
-0.0328421 -0.123865 
-0.0315569 -0.121584 
-0.0302957 -0.11929 
-0.0296741 -0.118138 
-0.0272484 -0.113498 
-0.0278457 -0.114662 
-0.0321965 -0.122726 
-0.0290586 -0.116982 
-0.0309233 -0.120438 
-0.0266572 -0.11233 
-0.0260721 -0.111159 
-0.0254931 -0.109985 
-0.0249203 -0.108808 
-0.023239 -0.105259 
-0.0237932 -0.106445 
-0.0243537 -0.107628 
-0.0284491 -0.115824 
-0.022691 -0.10407 
-0.0216136 -0.101684 
-0.0210844 -0.100487 
-0.0205613 -0.099287 
-0.0200446 -0.0980843 
-0.0190301 -0.0956709 
-0.0195342 -0.0968789 
-0.0221492 -0.102879 
-0.0180409 -0.0932469 
-0.0175559 -0.0920311 
-0.0185324 -0.0944602 
-0.0166049 -0.089592 
-0.016139 -0.0883687 
-0.0152264 -0.0859149 
-0.0156795 -0.087143 
-0.0147798 -0.0846845 
-0.0139059 -0.0822167 
-0.0134787 -0.0809794 
-0.0130579 -0.0797398 
-0.0126436 -0.0784981 
-0.0122359 -0.0772542 
-0.0143396 -0.0834517 
-0.0114399 -0.0747602 
-0.0106701 -0.0722579 
-0.0102951 -0.0710038 
-0.0110517 -0.0735101 
-0.0118346 -0.0760083 
-0.00992658 -0.0697478 
-0.00886065 -0.0659683 
-0.00851854 -0.0647048 
-0.00818306 -0.0634395 
-0.00956467 -0.0684898 
-0.00721643 -0.0596334 
-0.007532 -0.0609038 
-0.00920936 -0.06723 
-0.00785421 -0.0621725 
-0.00690752 -0.0583613 
-0.0054631 -0.0519779 
-0.00602081 -0.0545358 
-0.00573861 -0.0532576 
-0.0051943 -0.0506968 
-0.00493221 -0.0494143 
-0.00660527 -0.0570877 
-0.0063097 -0.0558125 
-0.00467683 -0.0481305 
-0.00372267 -0.0429823 
-0.00350099 -0.0416922 
-0.00307791 -0.0391086 
-0.00328607 -0.040401 
-0.00287653 -0.0378152 
-0.00249409 -0.0352253 
-0.00231304 -0.0339289 
-0.00213878 -0.0326315 
-0.00197132 -0.0313333 
-0.00181066 -0.0300342 
-0.00268192 -0.0365208 
-0.00150976 -0.0274336 
-0.00136953 -0.0261321 
-0.00123611 -0.0248299 
-0.000989734 -0.0222236 
-0.000876785 -0.0209195 
-0.00165681 -0.0287343 
-0.00110951 -0.0235271 
-0.000770667 -0.0196148 
-0.000671381 -0.0183095 
-0.00057893 -0.0170038 
-0.000493318 -0.0156976 
-0.000414546 -0.014391 
-0.000277531 -0.0117766 
-0.000219292 -0.0104689 
-0.000167902 -0.00916093 
-0.00012336 -0.00785269 
-8.56688e-05 -0.00654424 
-5.48291e-05 -0.0052356 
-0.000342616 -0.013084 
-3.08419e-05 -0.00392683 
-3.42694e-06 -0.00130899 
-3.42694e-06 0.00130899 
0 5.55112e-17 
-1.37077e-05 -0.00261795 
-0.0039511 -0.0442712 
-0.0170772 -0.0908128 
-1.37077e-05 0.00261795 
-0.0315569 0.121584 
-0.0309233 0.120438 
-0.0354838 0.128385 
-0.0348145 0.12726 
-0.0321965 0.122726 
-0.0361589 0.129507 
-0.0272484 0.113498 
-0.0278457 0.114662 
-0.0341511 0.126132 
-0.0334936 0.125 
-0.0302957 0.11929 
-0.0328421 0.123865 
-0.0375268 0.131739 
-0.0382195 0.13285 
-0.0432299 0.140521 
-0.03684 0.130625 
-0.0424969 0.139436 
-0.0439685 0.141602 
-0.0221492 0.102879 
-0.022691 0.10407 
-0.038918 0.133957 
-0.0396223 0.13506 
-0.0403324 0.13616 
-0.023239 0.105259 
-0.0237932 0.106445 
-0.0200446 0.0980843 
-0.0195342 0.0968789 
-0.0243537 0.107628 
-0.0180409 0.0932469 
-0.0175559 0.0920311 
-0.0216136 0.101684 
-0.0210844 0.100487 
-0.0185324 0.0944602 
-0.0190301 0.0956709 
-0.0260721 0.111159 
-0.0284491 0.115824 
-0.0290586 0.116982 
-0.0296741 0.118138 
-0.0266572 0.11233 
-0.0249203 0.108808 
-0.0254931 0.109985 
-0.0205613 0.099287 
-0.0447127 0.142678 
-0.0598985 0.162362 
-0.059051 0.161364 
-0.0650922 0.168253 
-0.0642138 0.167283 
-0.0659757 0.169219 
-0.0668643 0.17018 
-0.0607512 0.163355 
-0.0548924 0.156311 
-0.0540766 0.155287 
-0.0616092 0.164344 
-0.0582087 0.160362 
-0.0633405 0.166308 
-0.0732233 0.176777 
-0.0677578 0.171137 
-0.0695599 0.173036 
-0.0686564 0.172089 
-0.0624722 0.165328 
-0.0723001 0.175849 
-0.0462181 0.14482 
-0.0500788 0.150105 
-0.0492956 0.149056 
-0.0454626 0.143751 
-0.0469791 0.145885 
-0.0565399 0.158345 
-0.0557135 0.15733 
-0.0508675 0.15115 
-0.0573717 0.159356 
-0.0532662 0.154259 
-0.0524612 0.153227 
-0.0477458 0.146946 
-0.0485179 0.148003 
-0.0516617 0.15219 
-0.00150976 0.0274336 
-0.00165681 0.0287343 
-0.00181066 0.0300342 
-0.00231304 0.0339289 
-0.000770667 0.0196148 
-0.000671381 0.0183095 
-0.00197132 0.0313333 
-0.000876785 0.0209195 
-0.00136953 0.0261321 
-0.00249409 0.0352253 
-0.00268192 0.0365208 
-0.00467683 0.0481305 
-0.00442819 0.0468453 
-0.00418627 0.0455589 
-0.00493221 0.0494143 
-0.00307791 0.0391086 
-0.00328607 0.040401 
-0.00350099 0.0416922 
-0.00287653 0.0378152 
-0.00213878 0.0326315 
-0.00372267 0.0429823 
-0.0143396 0.0834517 
-0.00012336 0.00785269 
-8.56688e-05 0.00654424 
-5.48291e-05 0.0052356 
-3.08419e-05 0.00392683 
-0.000277531 0.0117766 
-0.000414546 0.014391 
-0.000493318 0.0156976 
-0.000342616 0.013084 
-0.000989734 0.0222236 
-0.00110951 0.0235271 
-0.00057893 0.0170038 
-0.000167902 0.00916093 
-0.000219292 0.0104689 
-0.0106701 0.0722579 
-0.0102951 0.0710038 
-0.0147798 0.0846845 
-0.0114399 0.0747602 
-0.0110517 0.0735101 
-0.0152264 0.0859149 
-0.0139059 0.0822167 
-0.00992658 0.0697478 
-0.0126436 0.0784981 
-0.0122359 0.0772542 
-0.0134787 0.0809794 
-0.0130579 0.0797398 
-0.00956467 0.0684898 
-0.00920936 0.06723 
-0.0156795 0.087143 
-0.0170772 0.0908128 
-0.0166049 0.089592 
-0.016139 0.0883687 
-0.007532 0.0609038 
-0.00785421 0.0621725 
-0.00573861 0.0532576 
-0.0054631 0.0519779 
-0.0063097 0.0558125 
-0.00602081 0.0545358 
-0.00851854 0.0647048 
-0.00690752 0.0583613 
-0.00721643 0.0596334 
-0.00660527 0.0570877 
-0.0039511 0.0442712 
-0.00818306 0.0634395 
-0.0118346 0.0760083 
-0.00886065 0.0659683 
-6.5 0.25 
-6.75 0.25 
-4.20312 -0.25 
-7.25 -0.25 
-6.25 0.25 
-6 0.25 
-8.25 0.25 
-8.5 -0.25 
-8.75 -0.25 
-8.5 0.25 
-2.22656 -0.25 
-2.40625 -0.25 
-8 -0.25 
-5.46094 -0.25 
-5.64062 -0.25 
-3.30469 0.25 
-7.25 0.25 
-3.48438 0.25 
-3.66406 0.25 
-5.28125 0.25 
-8 0.25 
-9.25 -0.25 
-6.25 -0.25 
-6.75 -0.25 
-7 -0.25 
-7.5 0.25 
-6.5 -0.25 
-5.64062 0.25 
-4.5625 0.25 
-2.94531 -0.25 
-0.429687 -0.25 
-1.14844 -0.25 
-9 0.25 
-8.25 -0.25 
-1.14844 0.25 
-1.32812 0.25 
-0.789062 0.25 
-0.609375 0.25 
-0.609375 -0.25 
-0.96875 -0.25 
-4.02344 -0.25 
-3.84375 -0.25 
-3.125 -0.25 
-2.04688 0.25 
-8.75 0.25 
-9 -0.25 
-7.75 0.25 
-0.173992 0.238165 
-5.46094 0.25 
-4.38281 0.25 
-4.20312 0.25 
-4.02344 0.25 
-3.84375 0.25 
-3.48438 -0.25 
-5.28125 -0.25 
-5.10156 -0.25 
-4.92188 -0.25 
-2.58594 0.25 
-2.40625 0.25 
-0.96875 0.25 
-1.50781 -0.25 
-1.6875 -0.25 
-2.76562 0.25 
-2.94531 0.25 
-0.255615 -0.25 
-0.252808 -0.25 
-0.150713 -0.229439 
-0.244764 -0.249945 
-0.207018 0.246277 
-0.00123611 0.0248299 
-0.25 0.25 
-0.243456 -0.249914 
-0.227776 -0.24901 
-0.109479 -0.20677 
-0.0403324 -0.13616 
-0.0410482 -0.137256 
-0.0051943 0.0506968 
-0.17524 0.23856 
-0.272461 0.25 
-0.26123 0.25 
-0.127274 0.217803 
-0.429688 0.25 
-0.26123 -0.25 
-0.272461 -0.25 
-0.255615 0.25 
-0.339844 -0.25 
-0.294922 -0.25 
-0.294922 0.25 
-0.384766 0.25 
-0.339844 0.25 
-0.519531 0.25 
-9.25 0.25 
-9.5 -0.25 
-7.5 -0.25 
-3.66406 -0.25 
-7 0.25 
-5.10156 0.25 
-4.74219 0.25 
-2.76562 -0.25 
-3.30469 -0.25 
-4.74219 -0.25 
-3.125 0.25 
-1.50781 0.25 
-1.32812 -0.25 
-2.04688 -0.25 
-4.92188 0.25 
-5.82031 0.25 
-2.58594 -0.25 
-2.22656 0.25 
-9.875 -0.25 
-5.91016 -0.25 
-0.229733 -0.249176 
-0.248037 -0.249991 
-0.246728 -0.249978 
-0.241493 -0.249854 
-0.238877 -0.249752 
-0.232343 -0.249375 
-0.233649 -0.249464 
-0.231038 -0.249279 
-0.240185 -0.249806 
-0.225821 -0.248827 
-0.224519 -0.248697 
-0.223217 -0.24856 
-0.218018 -0.247945 
-0.220616 -0.248266 
-0.221916 -0.248417 
-0.21672 -0.247774 
-0.215423 -0.247596 
-0.208953 -0.246606 
-0.211538 -0.247023 
-0.210245 -0.246818 
-0.207663 -0.246388 
-0.214127 -0.247412 
-0.219316 -0.248109 
-0.199944 -0.244937 
-0.196103 -0.24412 
-0.203798 -0.245693 
-0.205085 -0.245931 
-0.191003 -0.242938 
-0.189731 -0.242626 
-0.198663 -0.244671 
-0.192275 -0.243244 
-0.183401 -0.240965 
-0.18214 -0.240613 
-0.185928 -0.241649 
-0.184663 -0.24131 
-0.177116 -0.239139 
-0.187194 -0.241981 
-0.179624 -0.239889 
-0.175865 -0.238754 
-0.194826 -0.243835 
-0.197382 -0.244399 
-0.173369 -0.237965 
-0.168402 -0.236308 
-0.165932 -0.23544 
-0.174616 -0.238363 
-0.172124 -0.23756 
-0.167166 -0.235877 
-0.00430723 -0.0462021 
-0.162244 -0.234091 
-0.16102 -0.233628 
-0.170881 -0.237149 
-0.159798 -0.233159 
-0.157361 -0.232202 
-0.153725 -0.230718 
-0.154934 -0.231219 
-0.163471 -0.234547 
-0.156146 -0.231713 
-0.152518 -0.230211 
-0.148914 -0.228651 
-0.146526 -0.22758 
-0.145335 -0.227035 
-0.144148 -0.226484 
-0.142964 -0.225927 
-0.140604 -0.224793 
-0.138256 -0.223635 
-0.137086 -0.223047 
-0.134757 -0.221853 
-0.139428 -0.224217 
-0.13592 -0.222453 
-0.147719 -0.228119 
-0.128989 -0.21876 
-0.127845 -0.218123 
-0.133597 -0.221246 
-0.122177 -0.214851 
-0.123304 -0.215517 
-0.118818 -0.212817 
-0.117706 -0.212127 
-0.11439 -0.210023 
-0.112198 -0.208591 
-0.116597 -0.211431 
-0.111108 -0.207867 
-0.113292 -0.20931 
-0.121054 -0.214179 
-0.125568 -0.216832 
-0.130136 -0.21939 
-0.10786 -0.205659 
-0.105714 -0.20416 
-0.104647 -0.203401 
-0.10147 -0.201093 
-0.103584 -0.202638 
-0.0993726 -0.199527 
-0.0983299 -0.198735 
-0.0962571 -0.197136 
-0.0972914 -0.197939 
-0.0911494 -0.193044 
-0.0921623 -0.193873 
-0.100419 -0.200313 
-0.0901408 -0.19221 
-0.0942012 -0.195515 
-0.0861505 -0.18882 
-0.0931796 -0.194697 
-0.0851641 -0.187959 
-0.0832049 -0.186223 
-0.0822321 -0.185347 
-0.0881368 -0.190525 
-0.0812639 -0.184466 
-0.0793415 -0.182689 
-0.0841822 -0.187094 
-0.076493 -0.179986 
-0.0414089 0.137802 
-0.075553 -0.179075 
-0.0736873 -0.177238 
-0.0774378 -0.180892 
-0.0783873 -0.181793 
-0.0746177 -0.178159 
-0.0803004 -0.18358 
-0.0871414 -0.189675 
-0.095227 -0.196329 
-0.115492 -0.21073 
-0.0727617 -0.176313 
-0.185928 0.241649 
-0.184663 0.24131 
-0.19355 0.243543 
-0.178369 0.239517 
-0.189731 0.242626 
-0.179624 0.239889 
-0.203798 0.245693 
-0.202512 0.245447 
-0.197382 0.244399 
-0.198663 0.244671 
-0.194826 0.243835 
-0.201228 0.245195 
-0.188462 0.242307 
-0.192275 0.243244 
-0.187194 0.241981 
-0.205085 0.245931 
-0.159798 0.233159 
-0.162244 0.234091 
-0.16102 0.233628 
-0.165932 0.23544 
-0.153725 0.230718 
-0.163471 0.234547 
-0.1647 0.234997 
-0.158578 0.232683 
-0.16964 0.236732 
-0.18214 0.240613 
-0.170881 0.237149 
-0.183401 0.240965 
-0.172124 0.23756 
-0.167166 0.235877 
-0.177116 0.239139 
-0.168402 0.236308 
-0.231038 0.249279 
-0.240185 0.249806 
-0.23757 0.24969 
-0.233649 0.249464 
-0.236263 0.249621 
-0.248037 0.249991 
-0.225821 0.248827 
-0.232343 0.249375 
-0.242802 0.249895 
-9.625 0.25 
-0.238877 0.249752 
-0.241493 0.249854 
-9.875 0.25 
-0.211538 0.247023 
-0.234956 0.249546 
-0.24411 0.24993 
-0.246728 0.249978 
-0.245419 0.249957 
-0.212832 0.247221 
-0.210245 0.246818 
-0.218018 0.247945 
-0.224519 0.248697 
-0.228428 0.249067 
-0.227125 0.24895 
-0.221916 0.248417 
-0.214127 0.247412 
-0.219316 0.248109 
-0.223217 0.24856 
-0.199944 0.244937 
-0.0942012 0.195515 
-0.0962571 0.197136 
-0.102525 0.201868 
-0.0891366 0.19137 
-0.0972914 0.197939 
-0.0983299 0.198735 
-0.100419 0.200313 
-0.103584 0.202638 
-0.0931796 0.194697 
-0.110021 0.207137 
-0.111108 0.207867 
-0.105714 0.20416 
-0.104647 0.203401 
-0.113292 0.20931 
-0.108939 0.206401 
-0.0993726 0.199527 
-0.10147 0.201093 
-0.075553 0.179075 
-0.0812639 0.184466 
-0.0822321 0.185347 
-0.0803004 0.18358 
-0.0709251 0.174447 
-0.076493 0.179986 
-0.0746177 0.178159 
-0.0921623 0.193873 
-0.0871414 0.189675 
-0.0832049 0.186223 
-0.0783873 0.181793 
-0.0881368 0.190525 
-0.0861505 0.18882 
-0.0774378 0.180892 
-0.139428 0.224217 
-0.115492 0.21073 
-0.137086 0.223047 
-0.138256 0.223635 
-0.146526 0.22758 
-0.131286 0.220015 
-0.144148 0.226484 
-0.142964 0.225927 
-0.147719 0.228119 
-0.13592 0.222453 
-0.154934 0.231219 
-0.156146 0.231713 
-0.151314 0.229697 
-0.157361 0.232202 
-0.140604 0.224793 
-0.150113 0.229177 
-0.152518 0.230211 
-0.148914 0.228651 
-0.11439 0.210023 
-0.124434 0.216178 
-0.123304 0.215517 
-0.116597 0.211431 
-0.10786 0.205659 
-0.117706 0.212127 
-0.13244 0.220634 
-0.125568 0.216832 
-0.128989 0.21876 
-0.118818 0.212817 
-0.130136 0.21939 
-0.121054 0.214179 
-0.122177 0.214851 
-0.134757 0.221853 
-0.106785 0.204912 
-0.071841 -0.175382 
-1.77734 0.25 
-0.0691082 -0.172562 
-0.0682071 -0.171613 
-0.06642 -0.1697 
-0.065534 -0.168736 
-0.0700142 -0.173507 
-0.064653 -0.167768 
-0.0603249 -0.162859 
-0.0586299 -0.160863 
-0.0620407 -0.164836 
-0.0611802 -0.163849 
-0.0594748 -0.161863 
-0.0637771 -0.166795 
-0.0673111 -0.170658 
-0.0544845 -0.155799 
-0.0536714 -0.154773 
-0.0569558 -0.158851 
-0.0577902 -0.159859 
-0.0489068 -0.14853 
-0.0528637 -0.153743 
-0.0520615 -0.152709 
-0.0504732 -0.150627 
-0.0473624 -0.146416 
-0.0465986 -0.145353 
-0.0450876 -0.143215 
-0.0443406 -0.14214 
-0.0428634 -0.139979 
-0.0458403 -0.144286 
-0.0435992 -0.141061 
-0.0481318 -0.147475 
-0.0512646 -0.15167 
-0.055303 -0.15682 
-0.0392702 -0.134508 
-0.0385688 -0.133403 
-0.0378732 -0.132294 
-0.0421333 -0.138892 
-0.0351491 -0.127823 
-0.0364994 -0.130066 
-0.0344828 -0.126696 
-0.0331679 -0.124432 
-0.0299849 -0.118714 
-0.027547 -0.11408 
-0.0318767 -0.122155 
-0.0293664 -0.11756 
-0.0325193 -0.123295 
-0.0306095 -0.119864 
-0.0338224 -0.125566 
-0.0371834 -0.131182 
-0.0263646 -0.111744 
-0.0252067 -0.109396 
-0.0235161 -0.105852 
-0.0257826 -0.110572 
-0.0240735 -0.107036 
-0.0269528 -0.112914 
-0.024637 -0.108218 
-0.022965 -0.104665 
-0.021349 -0.101086 
-0.020303 -0.0986856 
-0.0192822 -0.0962749 
-0.0224201 -0.103474 
-0.0177984 -0.092639 
-0.0208228 -0.099887 
-0.0187812 -0.0950655 
-0.0197894 -0.0974816 
-0.0312401 -0.121011 
-0.0163719 -0.0889803 
-0.015453 -0.086529 
-0.0159092 -0.0877559 
-0.0150031 -0.0852997 
-0.0182866 -0.0938536 
-0.0132683 -0.0803596 
-0.0124398 -0.0778762 
-0.0141228 -0.0828342 
-0.0128508 -0.079119 
-0.0104826 -0.0716309 
-0.0116373 -0.0753842 
-0.0108609 -0.072884 
-0.0101108 -0.0703758 
-0.00868959 -0.0653365 
-0.0083508 -0.0640721 
-0.00737421 -0.0602686 
-0.00938702 -0.0678599 
-0.0076931 -0.0615381 
-0.0112458 -0.0741351 
-0.00706197 -0.0589974 
-0.00587971 -0.0538967 
-0.0053287 -0.0513374 
-0.00506325 -0.0500556 
-0.0067564 -0.0577245 
-0.00616526 -0.0551742 
-0.00480452 -0.0487724 
-0.00560085 -0.0526178 
-0.009035 -0.0665991 
-0.00361183 -0.0423372 
-0.00318199 -0.0397548 
-0.00339353 -0.0410466 
-0.00297722 -0.0384619 
-0.00455251 -0.0474879 
-0.00222591 -0.0332802 
-0.00189099 -0.0306838 
-0.00205505 -0.0319824 
-0.00143964 -0.0267828 
-0.00130282 -0.025481 
-0.000933259 -0.0215715 
-0.00173374 -0.0293842 
-0.00158328 -0.0280839 
-0.00117281 -0.0241785 
-0.000721024 -0.0189622 
-0.000625155 -0.0176567 
-0.000453932 -0.0150443 
-0.000248412 -0.0111228 
-0.000536124 -0.0163507 
-0.00104962 -0.0228753 
-0.000193597 -0.00981492 
-0.000104514 -0.00719846 
-7.02489e-05 -0.00588992 
-0.000378581 -0.0137375 
-4.28355e-05 -0.00458122 
-1.71347e-06 0.000654495 
-2.22748e-05 -0.00327239 
-1.71347e-06 -0.000654495 
-0.000145631 -0.00850681 
-0.000823726 -0.0202671 
-0.00406869 -0.044915 
-0.0173165 -0.091422 
-0.0312401 0.121011 
-0.0351491 0.127823 
-0.0318767 0.122155 
-0.0358214 0.128946 
-0.027547 0.11408 
-0.0344828 0.126696 
-0.0338224 0.125566 
-0.0325193 0.123295 
-0.0378732 0.132294 
-0.0364994 0.130066 
-0.0428634 0.139979 
-0.0371834 0.131182 
-0.0224201 0.103474 
-0.0331679 0.124432 
-0.0392702 0.134508 
-0.0406903 0.136708 
-0.0399773 0.13561 
-0.0235161 0.105852 
-0.022965 0.104665 
-0.0197894 0.0974816 
-0.0177984 0.092639 
-0.021349 0.101086 
-0.0218814 0.102281 
-0.0182866 0.0938536 
-0.0192822 0.0962749 
-0.0240735 0.107036 
-0.0287538 0.116403 
-0.0293664 0.11756 
-0.0263646 0.111744 
-0.0257826 0.110572 
-0.0252067 0.109396 
-0.0208228 0.099887 
-0.0443406 0.14214 
-0.0269528 0.112914 
-0.0594748 0.161863 
-0.064653 0.167768 
-0.06642 0.1697 
-0.0544845 0.155799 
-0.0603249 0.162859 
-0.0611802 0.163849 
-0.0637771 0.166795 
-0.0673111 0.170658 
-0.0736873 0.177238 
-0.0691082 0.172562 
-0.065534 0.168736 
-0.0620407 0.164836 
-0.0682071 0.171613 
-0.071841 0.175382 
-0.0496872 0.149581 
-0.0450876 0.143215 
-0.0465986 0.145353 
-0.0561267 0.157838 
-0.0504732 0.150627 
-0.0586299 0.160863 
-0.0577902 0.159859 
-0.0528637 0.153743 
-0.0458403 0.144286 
-0.055303 0.15682 
-0.0473624 0.146416 
-0.0481318 0.147475 
-0.0512646 0.15167 
-0.0489068 0.14853 
-0.0536714 0.154773 
-0.00158328 0.0280839 
-0.00173374 0.0293842 
-0.000721024 0.0189622 
-0.00189099 0.0306838 
-0.002588 0.035873 
-0.00455251 0.0474879 
-0.00430723 0.0462021 
-0.00480452 0.0487724 
-0.00318199 0.0397548 
-0.00339353 0.0410466 
-0.00297722 0.0384619 
-0.00205505 0.0319824 
-0.00361183 0.0423372 
-0.00222591 0.0332802 
-0.00277922 0.037168 
-0.00240356 0.0345771 
-0.000104514 0.00719846 
-4.28355e-05 0.00458122 
-2.22748e-05 0.00327239 
-8.5673e-06 -0.00196347 
-7.02489e-05 0.00588992 
-0.000823726 0.0202671 
-0.000453932 0.0150443 
-0.00104962 0.0228753 
-0.000933259 0.0215715 
-0.000536124 0.0163507 
-0.000378581 0.0137375 
-0.000193597 0.00981492 
-0.000248412 0.0111228 
-0.000310074 0.0124303 
-0.0104826 0.0716309 
-0.0145597 0.0840681 
-0.0112458 0.0741351 
-0.0150031 0.0852997 
-0.0141228 0.0828342 
-0.0124398 0.0778762 
-0.0136923 0.081598 
-0.0132683 0.0803596 
-0.00974563 0.0691188 
-0.0101108 0.0703758 
-0.00938702 0.0678599 
-0.0187812 0.0950655 
-0.020303 0.0986856 
-0.016841 0.0902024 
-0.0163719 0.0889803 
-0.0076931 0.0615381 
-0.00560085 0.0526178 
-0.00616526 0.0551742 
-0.00706197 0.0589974 
-0.00645749 0.0564501 
-0.00383688 0.0436267 
-0.00801864 0.062806 
-0.0083508 0.0640721 
-0.0120353 0.0766313 
-0.0116373 0.0753842 
-0.00868959 0.0653365 
-0.0108609 0.072884 
-0.0173165 0.091422 
-6.625 0.25 
-0.0700142 0.173507 
-0.0709251 -0.174447 
-6.125 0.25 
-8.625 -0.25 
-2.31641 -0.25 
-5.55078 -0.25 
-3.57422 0.25 
-8.125 0.25 
-6.125 -0.25 
-6.875 -0.25 
-0.145335 0.227035 
-8.125 -0.25 
-8.375 -0.25 
-1.23828 0.25 
-0.699219 0.25 
-0.789062 -0.25 
-3.03516 -0.25 
-8.875 0.25 
-9.125 -0.25 
-7.875 0.25 
-7.625 0.25 
-0.173369 0.237965 
-5.37109 0.25 
-4.29297 0.25 
-3.93359 0.25 
-5.01172 -0.25 
-2.49609 0.25 
-1.05859 0.25 
-0.254211 -0.25 
-0.249346 -0.249998 
-0.150113 -0.229177 
-0.151314 -0.229697 
-0.126705 -0.217481 
-0.106785 -0.204912 
-0.206373 0.246163 
-0.215423 0.247596 
-0.095227 0.196329 
-0.00645749 -0.0564501 
-0.0306095 0.119864 
-0.0299849 0.118714 
-0.0435992 0.141061 
-0.00143964 0.0267828 
-0.00130282 0.025481 
-0.00587971 0.0538967 
-0.249346 0.249998 
-0.878906 0.25 
-0.245419 -0.249957 
-0.242802 -0.249895 
-0.228428 -0.249067 
-0.202512 -0.245447 
-0.178369 -0.239517 
-0.13244 -0.220634 
-0.102525 -0.201868 
-0.108939 -0.206401 
-0.0891366 -0.19137 
-0.180881 0.240254 
-0.21672 0.247774 
-0.207663 0.246388 
-0.0901408 0.19221 
-0.112198 0.208591 
-0.0561267 -0.157838 
-0.0496872 -0.149581 
-0.0399773 -0.13561 
-0.0414089 -0.137802 
-0.0358214 -0.128946 
-0.0287538 -0.116403 
-0.0145597 -0.0840681 
-0.016841 -0.0902024 
-0.00801864 -0.062806 
-0.00240356 -0.0345771 
-0.00277922 -0.037168 
-0.0281474 0.115243 
-0.015453 0.086529 
-0.0569558 0.158851 
-0.0421333 0.138892 
-0.00117281 0.0241785 
-0.0067564 0.0577245 
-0.0053287 0.0513374 
-0.24411 -0.24993 
-0.23757 -0.24969 
-0.234956 -0.249546 
-0.212832 -0.247221 
-0.227125 -0.24895 
-0.180881 -0.240254 
-0.188462 -0.242307 
-0.19355 -0.243543 
-0.201228 -0.245195 
-0.1647 -0.234997 
-0.16964 -0.236732 
-0.141782 -0.225363 
-0.119934 -0.213501 
-0.124434 -0.216178 
-0.131286 -0.220015 
-0.110021 -0.207137 
-0.174616 0.238363 
-0.196103 0.24412 
-0.191003 0.242938 
-0.208953 0.246606 
-0.266846 0.25 
-0.220616 0.248266 
-0.0911494 0.193044 
-0.0851641 0.187959 
-0.0727617 0.176313 
-0.0841822 0.187094 
-0.0793415 0.182689 
-0.133597 0.221246 
-0.126705 0.217481 
-0.141782 0.225363 
-0.119934 0.213501 
-0.0629063 -0.165818 
-0.0406903 -0.136708 
-0.0281474 -0.115243 
-0.0120353 -0.0766313 
-0.002588 -0.035873 
-0.00383688 -0.0436267 
-8.5673e-06 0.00196347 
-0.024637 0.108218 
-0.0159092 0.0877559 
-0.0128508 0.079119 
-0.0629063 0.165818 
-0.00737421 0.0602686 
-0.00506325 0.0500556 
-0.000145631 0.00850681 
-0.00406869 0.044915 
-0.236263 -0.249621 
-0.206373 -0.246163 
-0.251404 -0.25 
-0.158578 -0.232683 
-0.175865 0.238754 
-0.127845 0.218123 
-0.0218814 -0.102281 
-0.0136923 -0.081598 
-0.00974563 -0.0691188 
-0.000310074 -0.0124303 
-0.000625155 0.0176567 
-0.0385688 0.133403 
-0.0520615 0.152709 
-0.009035 0.0665991 
-0.229733 0.249176 
-0.266846 -0.25 
-0.258423 -0.25 
-0.252808 0.25 
-0.519531 -0.25 
-0.317383 -0.25 
-0.258423 0.25 
-0.283691 -0.25 
-0.283691 0.25 
-0.362305 0.25 
-0.317383 0.25 
-0.384766 -0.25 
-0.407227 0.25 
-0.564453 0.25 
-0.474609 0.25 
-1.59766 -0.25 
-9.125 0.25 
-9.625 -0.25 
-5.73047 -0.25 
-5.37109 -0.25 
-3.93359 -0.25 
-6.625 -0.25 
-7.625 -0.25 
-7.125 0.25 
-4.65234 0.25 
-8.375 0.25 
-8.875 -0.25 
-6.375 -0.25 
-4.11328 0.25 
-3.39453 -0.25 
-4.65234 -0.25 
-5.19141 -0.25 
-2.85547 0.25 
-1.41797 0.25 
-1.41797 -0.25 
-1.95703 -0.25 
-1.23828 -0.25 
-9.375 -0.25 
-4.11328 -0.25 
-4.38281 -0.25 
-7.125 -0.25 
-6.875 0.25 
-3.21484 0.25 
-3.75391 0.25 
-3.57422 -0.25 
-7.375 0.25 
-5.01172 0.25 
-4.83203 0.25 
-8.625 0.25 
-5.73047 0.25 
-2.85547 -0.25 
-2.67578 -0.25 
-4.47266 0.25 
-3.03516 0.25 
-3.21484 -0.25 
-1.05859 -0.25 
-1.59766 0.25 
-2.13672 0.25 
-9.375 0.25 
-6.375 0.25 
-5.55078 0.25 
-7.875 -0.25 
-3.39453 0.25 
-3.75391 -0.25 
-5.91016 0.25 
-2.13672 -0.25 
-1.77734 -0.25 
-4.83203 -0.25 
-7.375 -0.25 
-1.95703 0.25 
-2.31641 0.25 
-2.67578 0.25 
-5.19141 0.25 
-2.49609 -0.25 
ZONE T="boundary7"
-10 0 
-9.75 0 
-9.25 0 
-9.5 0 
-9 0 
-9.875 0 
-9.375 0 
-9.125 0 
-9.625 0 
